CPValue	Delta T

-10	100
0.0626959	0.314465
0.125392	0.314465
0.188088	0.314465
0.250784	0.314465
0.31348	0.314465
0.376176	0.314465
0.438871	0.314465
0.501567	0.314465
0.564263	0.314465
0.626959	0.314465
0.689655	0.314465
0.752351	0.314465
0.815047	0.314465
0.877743	0.314465
0.940439	0.314465
1.00313	0.314465
1.06583	0.314465
1.12853	0.314465
1.19122	0.314465
1.25392	0.314465
1.31661	0.314465
1.37931	0.314465
1.44201	0.314465
1.5047	0.314465
1.5674	0.314465
1.63009	0.314465
1.69279	0.314465
1.75549	0.314465
1.81818	0.314465
1.88088	0.314465
1.94357	0.314465
2.00627	0.314465
2.06897	0.314465
2.13166	0.314465
2.19436	0.314465
2.25705	0.314465
2.31975	0.314465
2.38245	0.314465
2.44514	0.314465
2.50784	0.314465
2.57053	0.314465
2.63323	0.314465
2.69592	0.314465
2.75862	0.314465
2.82132	0.314465
2.88401	0.314465
2.94671	0.314465
3.0094	0.314465
3.0721	0.314465
3.1348	0.314465
3.19749	0.314465
3.26019	0.314465
3.32288	0.314465
3.38558	0.314465
3.44828	0.314465
3.51097	0.314465
3.57367	0.314465
3.63636	0.314465
3.69906	0.314465
3.76176	0.314465
3.82445	0.314465
3.88715	0.314465
3.94984	0.314465
4.01254	0.314465
4.07524	0.314465
4.13793	0.314465
4.20063	0.314465
4.26332	0.314465
4.32602	0.314465
4.38871	0.314465
4.45141	0.314465
4.51411	0.314465
4.5768	0.314465
4.6395	0.314465
4.70219	0.314465
4.76489	0.314465
4.82759	0.314465
4.89028	0.314465
4.95298	0.314465
5.01567	0.314465
5.07837	0.314465
5.14107	0.314465
5.20376	0.314465
5.26646	0.314465
5.32915	0.314465
5.39185	0.314465
5.45455	0.314465
5.51724	0.314465
5.57994	0.314465
5.64263	0.314465
5.70533	0.314465
5.76803	0.314465
5.83072	0.314465
5.89342	0.314465
5.95611	0.314465
6.01881	0.314465
6.0815	0.314465
6.1442	0.314465
6.2069	0.314465
6.26959	0.314465
6.33229	0.314465
6.39498	0.314465
6.45768	0.314465
6.52038	0.314465
6.58307	0.314465
6.64577	0.314465
6.70846	0.314465
6.77116	0.314465
6.83386	0.314465
6.89655	0.314465
6.95925	0.314465
7.02194	0.314465
7.08464	0.314465
7.14734	0.314465
7.21003	0.314465
7.27273	0.314465
7.33542	0.314465
7.39812	0.314465
7.46082	0.314465
7.52351	0.314465
7.58621	0.314465
7.6489	0.314465
7.7116	0.314465
7.77429	0.314465
7.83699	0.314465
7.89969	0.314465
7.96238	0.314465
8.02508	0.314465
8.08777	0.314465
8.15047	0.314465
8.21317	0.314465
8.27586	0.314465
8.33856	0.314465
8.40125	0.314465
8.46395	0.314465
8.52665	0.314465
8.58934	0.314465
8.65204	0.314465
8.71473	0.314465
8.77743	0.314465
8.84013	0.314465
8.90282	0.314465
8.96552	0.314465
9.02821	0.314465
9.09091	0.314465
9.15361	0.314465
9.2163	0.314465
9.279	0.314465
9.34169	0.314465
9.40439	0.314465
9.46708	0.314465
9.52978	0.314465
9.59248	0.314465
9.65517	0.314465
9.71787	0.314465
9.78056	0.314465
9.84326	0.314465
9.90596	0.314465
9.96865	0.314465
10.0313	0.314465
10.094	0.314465
10.1567	0.314465
10.2194	0.314465
10.2821	0.314465
10.3448	0.314465
10.4075	0.314465
10.4702	0.314465
10.5329	0.314465
10.5956	0.314465
10.6583	0.314465
10.721	0.314465
10.7837	0.314465
10.8464	0.314465
10.9091	0.314465
10.9718	0.314465
11.0345	0.314465
11.0972	0.314465
11.1599	0.314465
11.2226	0.314465
11.2853	0.314465
11.348	0.314465
11.4107	0.314465
11.4734	0.314465
11.5361	0.314465
11.5987	0.314465
11.6614	0.314465
11.7241	0.314465
11.7868	0.314465
11.8495	0.314465
11.9122	0.314465
11.9749	0.314465
12.0376	0.314465
12.1003	0.314465
12.163	0.314465
12.2257	0.314465
12.2884	0.314465
12.3511	0.314465
12.4138	0.314465
12.4765	0.314465
12.5392	0.314465
12.6019	0.314465
12.6646	0.314465
12.7273	0.314465
12.79	0.314465
12.8527	0.314465
12.9154	0.314465
12.9781	0.314465
13.0408	0.314465
13.1034	0.314465
13.1661	0.314465
13.2288	0.314465
13.2915	0.314465
13.3542	0.314465
13.4169	0.314465
13.4796	0.314465
13.5423	0.314465
13.605	0.314465
13.6677	0.314465
13.7304	0.314465
13.7931	0.314465
13.8558	0.314465
13.9185	0.314465
13.9812	0.314465
14.0439	0.314465
14.1066	0.314465
14.1693	0.314465
14.232	0.314465
14.2947	0.314465
14.3574	0.314465
14.4201	0.314465
14.4828	0.314465
14.5455	0.314465
14.6082	0.314465
14.6708	0.314465
14.7335	0.314465
14.7962	0.314465
14.8589	0.314465
14.9216	0.314465
14.9843	0.314465
15.047	0.314465
15.1097	0.314465
15.1724	0.314465
15.2351	0.314465
15.2978	0.314465
15.3605	0.314465
15.4232	0.314465
15.4859	0.314465
15.5486	0.314465
15.6113	0.314465
15.674	0.314465
15.7367	0.314465
15.7994	0.314465
15.8621	0.314465
15.9248	0.314465
15.9875	0.314465
16.0502	0.314465
16.1129	0.314465
16.1755	0.314465
16.2382	0.314465
16.3009	0.314465
16.3636	0.314465
16.4263	0.314465
16.489	0.314465
16.5517	0.314465
16.6144	0.314465
16.6771	0.314465
16.7398	0.314465
16.8025	0.314465
16.8652	0.314465
16.9279	0.314465
16.9906	0.314465
17.0533	0.314465
17.116	0.314465
17.1787	0.314465
17.2414	0.314465
17.3041	0.314465
17.3668	0.314465
17.4295	0.314465
17.4922	0.314465
17.5549	0.314465
17.6176	0.314465
17.6803	0.314465
17.7429	0.314465
17.8056	0.314465
17.8683	0.314465
17.931	0.314465
17.9937	0.314465
18.0564	0.314465
18.1191	0.314465
18.1818	0.314465
18.2445	0.314465
18.3072	0.314465
18.3699	0.314465
18.4326	0.314465
18.4953	0.314465
18.558	0.314465
18.6207	0.314465
18.6834	0.314465
18.7461	0.314465
18.8088	0.314465
18.8715	0.314465
18.9342	0.314465
18.9969	0.314465
19.0596	0.314465
19.1223	0.314465
19.185	0.314465
19.2476	0.314465
19.3103	0.314465
19.373	0.314465
19.4357	0.314465
19.4984	0.314465
19.5611	0.314465
19.6238	0.314465
19.6865	0.314465
19.7492	0.314465
19.8119	0.314465
19.8746	0.314465
19.9373	0.314465
20	100
