CPValue	Delta T

-10	100
0.0626959	314.465
0.125392	314.465
0.188088	314.465
0.250784	314.465
0.31348	314.465
0.376176	314.465
0.438871	314.465
0.501567	314.465
0.564263	314.465
0.626959	314.465
0.689655	314.465
0.752351	314.465
0.815047	314.465
0.877743	314.465
0.940439	314.465
1.00313	314.465
1.06583	314.465
1.12853	314.465
1.19122	314.465
1.25392	314.465
1.31661	314.465
1.37931	314.465
1.44201	314.465
1.5047	314.465
1.5674	314.465
1.63009	314.465
1.69279	314.465
1.75549	314.465
1.81818	314.465
1.88088	314.465
1.94357	314.465
2.00627	314.465
2.06897	314.465
2.13166	314.465
2.19436	314.465
2.25705	314.465
2.31975	314.465
2.38245	314.465
2.44514	314.465
2.50784	314.465
2.57053	314.465
2.63323	314.465
2.69592	314.465
2.75862	314.465
2.82132	314.465
2.88401	314.465
2.94671	314.465
3.0094	314.465
3.0721	314.465
3.1348	314.465
3.19749	314.465
3.26019	314.465
3.32288	314.465
3.38558	314.465
3.44828	314.465
3.51097	314.465
3.57367	314.465
3.63636	314.465
3.69906	314.465
3.76176	314.465
3.82445	314.465
3.88715	314.465
3.94984	314.465
4.01254	314.465
4.07524	314.465
4.13793	314.465
4.20063	314.465
4.26332	314.465
4.32602	314.465
4.38871	314.465
4.45141	314.465
4.51411	314.465
4.5768	314.465
4.6395	314.465
4.70219	314.465
4.76489	314.465
4.82759	314.465
4.89028	314.465
4.95298	314.465
5.01567	314.465
5.07837	314.465
5.14107	314.465
5.20376	314.465
5.26646	314.465
5.32915	314.465
5.39185	314.465
5.45455	314.465
5.51724	314.465
5.57994	314.465
5.64263	314.465
5.70533	314.465
5.76803	314.465
5.83072	314.465
5.89342	314.465
5.95611	314.465
6.01881	314.465
6.0815	314.465
6.1442	314.465
6.2069	314.465
6.26959	314.465
6.33229	314.465
6.39498	314.465
6.45768	314.465
6.52038	314.465
6.58307	314.465
6.64577	314.465
6.70846	314.465
6.77116	314.465
6.83386	314.465
6.89655	314.465
6.95925	314.465
7.02194	314.465
7.08464	314.465
7.14734	314.465
7.21003	314.465
7.27273	314.465
7.33542	314.465
7.39812	314.465
7.46082	314.465
7.52351	314.465
7.58621	314.465
7.6489	314.465
7.7116	314.465
7.77429	314.465
7.83699	314.465
7.89969	314.465
7.96238	314.465
8.02508	314.465
8.08777	314.465
8.15047	314.465
8.21317	314.465
8.27586	314.465
8.33856	314.465
8.40125	314.465
8.46395	314.465
8.52665	314.465
8.58934	314.465
8.65204	314.465
8.71473	314.465
8.77743	314.465
8.84013	314.465
8.90282	314.465
8.96552	314.465
9.02821	314.465
9.09091	314.465
9.15361	314.465
9.2163	314.465
9.279	314.465
9.34169	314.465
9.40439	314.465
9.46708	314.465
9.52978	314.465
9.59248	314.465
9.65517	314.465
9.71787	314.465
9.78056	314.465
9.84326	314.465
9.90596	314.465
9.96865	314.465
10.0313	314.465
10.094	314.465
10.1567	314.465
10.2194	314.465
10.2821	314.465
10.3448	314.465
10.4075	314.465
10.4702	314.465
10.5329	314.465
10.5956	314.465
10.6583	314.465
10.721	314.465
10.7837	314.465
10.8464	314.465
10.9091	314.465
10.9718	314.465
11.0345	314.465
11.0972	314.465
11.1599	314.465
11.2226	314.465
11.2853	314.465
11.348	314.465
11.4107	314.465
11.4734	314.465
11.5361	314.465
11.5987	314.465
11.6614	314.465
11.7241	314.465
11.7868	314.465
11.8495	314.465
11.9122	314.465
11.9749	314.465
12.0376	314.465
12.1003	314.465
12.163	314.465
12.2257	314.465
12.2884	314.465
12.3511	314.465
12.4138	314.465
12.4765	314.465
12.5392	314.465
12.6019	314.465
12.6646	314.465
12.7273	314.465
12.79	314.465
12.8527	314.465
12.9154	314.465
12.9781	314.465
13.0408	314.465
13.1034	314.465
13.1661	314.465
13.2288	314.465
13.2915	314.465
13.3542	314.465
13.4169	314.465
13.4796	314.465
13.5423	314.465
13.605	314.465
13.6677	314.465
13.7304	314.465
13.7931	314.465
13.8558	314.465
13.9185	314.465
13.9812	314.465
14.0439	314.465
14.1066	314.465
14.1693	314.465
14.232	314.465
14.2947	314.465
14.3574	314.465
14.4201	314.465
14.4828	314.465
14.5455	314.465
14.6082	314.465
14.6708	314.465
14.7335	314.465
14.7962	314.465
14.8589	314.465
14.9216	314.465
14.9843	314.465
15.047	314.465
15.1097	314.465
15.1724	314.465
15.2351	314.465
15.2978	314.465
15.3605	314.465
15.4232	314.465
15.4859	314.465
15.5486	314.465
15.6113	314.465
15.674	314.465
15.7367	314.465
15.7994	314.465
15.8621	314.465
15.9248	314.465
15.9875	314.465
16.0502	314.465
16.1129	314.465
16.1755	314.465
16.2382	314.465
16.3009	314.465
16.3636	314.465
16.4263	314.465
16.489	314.465
16.5517	314.465
16.6144	314.465
16.6771	314.465
16.7398	314.465
16.8025	314.465
16.8652	314.465
16.9279	314.465
16.9906	314.465
17.0533	314.465
17.116	314.465
17.1787	314.465
17.2414	314.465
17.3041	314.465
17.3668	314.465
17.4295	314.465
17.4922	314.465
17.5549	314.465
17.6176	314.465
17.6803	314.465
17.7429	314.465
17.8056	314.465
17.8683	314.465
17.931	314.465
17.9937	314.465
18.0564	314.465
18.1191	314.465
18.1818	314.465
18.2445	314.465
18.3072	314.465
18.3699	314.465
18.4326	314.465
18.4953	314.465
18.558	314.465
18.6207	314.465
18.6834	314.465
18.7461	314.465
18.8088	314.465
18.8715	314.465
18.9342	314.465
18.9969	314.465
19.0596	314.465
19.1223	314.465
19.185	314.465
19.2476	314.465
19.3103	314.465
19.373	314.465
19.4357	314.465
19.4984	314.465
19.5611	314.465
19.6238	314.465
19.6865	314.465
19.7492	314.465
19.8119	314.465
19.8746	314.465
19.9373	314.465
20	100
