CPValue	Delta T

-10	100
0.0626959	31.4465
0.125392	31.4465
0.188088	31.4465
0.250784	31.4465
0.31348	31.4465
0.376176	31.4465
0.438871	31.4465
0.501567	31.4465
0.564263	31.4465
0.626959	31.4465
0.689655	31.4465
0.752351	31.4465
0.815047	31.4465
0.877743	31.4465
0.940439	31.4465
1.00313	31.4465
1.06583	31.4465
1.12853	31.4465
1.19122	31.4465
1.25392	31.4465
1.31661	31.4465
1.37931	31.4465
1.44201	31.4465
1.5047	31.4465
1.5674	31.4465
1.63009	31.4465
1.69279	31.4465
1.75549	31.4465
1.81818	31.4465
1.88088	31.4465
1.94357	31.4465
2.00627	31.4465
2.06897	31.4465
2.13166	31.4465
2.19436	31.4465
2.25705	31.4465
2.31975	31.4465
2.38245	31.4465
2.44514	31.4465
2.50784	31.4465
2.57053	31.4465
2.63323	31.4465
2.69592	31.4465
2.75862	31.4465
2.82132	31.4465
2.88401	31.4465
2.94671	31.4465
3.0094	31.4465
3.0721	31.4465
3.1348	31.4465
3.19749	31.4465
3.26019	31.4465
3.32288	31.4465
3.38558	31.4465
3.44828	31.4465
3.51097	31.4465
3.57367	31.4465
3.63636	31.4465
3.69906	31.4465
3.76176	31.4465
3.82445	31.4465
3.88715	31.4465
3.94984	31.4465
4.01254	31.4465
4.07524	31.4465
4.13793	31.4465
4.20063	31.4465
4.26332	31.4465
4.32602	31.4465
4.38871	31.4465
4.45141	31.4465
4.51411	31.4465
4.5768	31.4465
4.6395	31.4465
4.70219	31.4465
4.76489	31.4465
4.82759	31.4465
4.89028	31.4465
4.95298	31.4465
5.01567	31.4465
5.07837	31.4465
5.14107	31.4465
5.20376	31.4465
5.26646	31.4465
5.32915	31.4465
5.39185	31.4465
5.45455	31.4465
5.51724	31.4465
5.57994	31.4465
5.64263	31.4465
5.70533	31.4465
5.76803	31.4465
5.83072	31.4465
5.89342	31.4465
5.95611	31.4465
6.01881	31.4465
6.0815	31.4465
6.1442	31.4465
6.2069	31.4465
6.26959	31.4465
6.33229	31.4465
6.39498	31.4465
6.45768	31.4465
6.52038	31.4465
6.58307	31.4465
6.64577	31.4465
6.70846	31.4465
6.77116	31.4465
6.83386	31.4465
6.89655	31.4465
6.95925	31.4465
7.02194	31.4465
7.08464	31.4465
7.14734	31.4465
7.21003	31.4465
7.27273	31.4465
7.33542	31.4465
7.39812	31.4465
7.46082	31.4465
7.52351	31.4465
7.58621	31.4465
7.6489	31.4465
7.7116	31.4465
7.77429	31.4465
7.83699	31.4465
7.89969	31.4465
7.96238	31.4465
8.02508	31.4465
8.08777	31.4465
8.15047	31.4465
8.21317	31.4465
8.27586	31.4465
8.33856	31.4465
8.40125	31.4465
8.46395	31.4465
8.52665	31.4465
8.58934	31.4465
8.65204	31.4465
8.71473	31.4465
8.77743	31.4465
8.84013	31.4465
8.90282	31.4465
8.96552	31.4465
9.02821	31.4465
9.09091	31.4465
9.15361	31.4465
9.2163	31.4465
9.279	31.4465
9.34169	31.4465
9.40439	31.4465
9.46708	31.4465
9.52978	31.4465
9.59248	31.4465
9.65517	31.4465
9.71787	31.4465
9.78056	31.4465
9.84326	31.4465
9.90596	31.4465
9.96865	31.4465
10.0313	31.4465
10.094	31.4465
10.1567	31.4465
10.2194	31.4465
10.2821	31.4465
10.3448	31.4465
10.4075	31.4465
10.4702	31.4465
10.5329	31.4465
10.5956	31.4465
10.6583	31.4465
10.721	31.4465
10.7837	31.4465
10.8464	31.4465
10.9091	31.4465
10.9718	31.4465
11.0345	31.4465
11.0972	31.4465
11.1599	31.4465
11.2226	31.4465
11.2853	31.4465
11.348	31.4465
11.4107	31.4465
11.4734	31.4465
11.5361	31.4465
11.5987	31.4465
11.6614	31.4465
11.7241	31.4465
11.7868	31.4465
11.8495	31.4465
11.9122	31.4465
11.9749	31.4465
12.0376	31.4465
12.1003	31.4465
12.163	31.4465
12.2257	31.4465
12.2884	31.4465
12.3511	31.4465
12.4138	31.4465
12.4765	31.4465
12.5392	31.4465
12.6019	31.4465
12.6646	31.4465
12.7273	31.4465
12.79	31.4465
12.8527	31.4465
12.9154	31.4465
12.9781	31.4465
13.0408	31.4465
13.1034	31.4465
13.1661	31.4465
13.2288	31.4465
13.2915	31.4465
13.3542	31.4465
13.4169	31.4465
13.4796	31.4465
13.5423	31.4465
13.605	31.4465
13.6677	31.4465
13.7304	31.4465
13.7931	31.4465
13.8558	31.4465
13.9185	31.4465
13.9812	31.4465
14.0439	31.4465
14.1066	31.4465
14.1693	31.4465
14.232	31.4465
14.2947	31.4465
14.3574	31.4465
14.4201	31.4465
14.4828	31.4465
14.5455	31.4465
14.6082	31.4465
14.6708	31.4465
14.7335	31.4465
14.7962	31.4465
14.8589	31.4465
14.9216	31.4465
14.9843	31.4465
15.047	31.4465
15.1097	31.4465
15.1724	31.4465
15.2351	31.4465
15.2978	31.4465
15.3605	31.4465
15.4232	31.4465
15.4859	31.4465
15.5486	31.4465
15.6113	31.4465
15.674	31.4465
15.7367	31.4465
15.7994	31.4465
15.8621	31.4465
15.9248	31.4465
15.9875	31.4465
16.0502	31.4465
16.1129	31.4465
16.1755	31.4465
16.2382	31.4465
16.3009	31.4465
16.3636	31.4465
16.4263	31.4465
16.489	31.4465
16.5517	31.4465
16.6144	31.4465
16.6771	31.4465
16.7398	31.4465
16.8025	31.4465
16.8652	31.4465
16.9279	31.4465
16.9906	31.4465
17.0533	31.4465
17.116	31.4465
17.1787	31.4465
17.2414	31.4465
17.3041	31.4465
17.3668	31.4465
17.4295	31.4465
17.4922	31.4465
17.5549	31.4465
17.6176	31.4465
17.6803	31.4465
17.7429	31.4465
17.8056	31.4465
17.8683	31.4465
17.931	31.4465
17.9937	31.4465
18.0564	31.4465
18.1191	31.4465
18.1818	31.4465
18.2445	31.4465
18.3072	31.4465
18.3699	31.4465
18.4326	31.4465
18.4953	31.4465
18.558	31.4465
18.6207	31.4465
18.6834	31.4465
18.7461	31.4465
18.8088	31.4465
18.8715	31.4465
18.9342	31.4465
18.9969	31.4465
19.0596	31.4465
19.1223	31.4465
19.185	31.4465
19.2476	31.4465
19.3103	31.4465
19.373	31.4465
19.4357	31.4465
19.4984	31.4465
19.5611	31.4465
19.6238	31.4465
19.6865	31.4465
19.7492	31.4465
19.8119	31.4465
19.8746	31.4465
19.9373	31.4465
20	100
